4 4
0 0 0 0 0 0 4 5 0 0 0 0 0 0 0 0 
0 0 0 0 0 0 0 0 0 0 0 0 0 0 0 0 
0 0 0 0 0 0 0 0 0 0 0 D 0 0 0 0 
0 0 0 0 0 0 0 0 0 0 0 0 0 0 0 0 
0 0 0 0 0 0 0 0 0 0 0 0 0 0 0 0 
0 0 0 0 0 0 0 0 0 0 0 0 0 0 0 C 
8 0 0 E 0 0 0 6 0 0 0 0 0 0 A 0 
0 C 0 0 0 0 0 0 0 0 0 1 0 0 0 0 
0 0 0 0 0 0 0 0 0 0 0 0 0 0 0 0 
0 0 0 0 0 0 0 0 0 0 0 0 D 0 0 0 
0 0 0 0 0 0 0 D 0 0 0 0 0 0 0 0 
0 0 0 0 0 0 0 0 0 2 5 0 0 0 0 0 
0 0 0 0 0 0 0 0 0 0 0 0 0 0 0 F 
3 0 0 0 0 0 0 0 0 0 0 7 0 0 0 0 
0 G 0 1 0 0 0 0 0 0 0 0 0 0 0 0 
0 0 0 0 0 0 G 0 0 0 0 0 0 0 0 0 
